4.814180500496575421e-01 -3.539616960657125944e-01 2.046611055233140686e-01 2.400282820745973655e-01 -2.100509304624323947e-01 -1.611381350534052403e-01 1.094927941918755199e-01 -3.841570893459459457e-01 3.201649577057499307e-01 1.286831585676174727e-01 -2.243004670607736672e-01 1.850245394948031308e-01 1.316504065106568477e-01 -4.145312636774334258e-02 3.260153421822031827e-02 2.783127178944304614e-01 -1.439126088319310215e-01 -5.716724636759396017e-02 -1.030571144949395945e-01 -4.191261220976805202e-01
-3.351523925248647284e-01 3.235997617317070141e-01 -3.427960423437141912e-01 -8.840849841607045789e-02 4.830249358240094049e-01 4.677847465713381725e-01 7.412935535151587985e-02 -1.828177627014910822e-01 -2.339530899826969268e-03 -3.716713702152680820e-01 3.430789205112279028e-01 3.429685540706396418e-01 2.087084356456507805e-01 1.193106384625388650e-01 1.625296643152324139e-01 2.320722487980204640e-01 -2.935321207148110512e-01 3.833173591166691985e-01 -2.352989623666890129e-02 6.563401662564005701e-02
4.340410722359339113e-01 -2.186627299585757189e-01 -1.707678504297989175e-01 4.199794985022222704e-01 4.568235309065138416e-02 -3.541004536290234261e-01 1.535676694462337899e-01 3.133320737842030246e-01 -3.859258362910472639e-01 1.227587922635773321e-01 2.898155316813066928e-01 -2.430257981041895610e-01 -5.601709559001744054e-03 2.613459410579532793e-02 -4.911920129769661303e-01 2.683992650879427622e-01 2.283786847016620047e-01 3.972530173696915412e-01 -4.076211198563858273e-01 2.813921026021959371e-02
-3.132922464306483468e-01 2.305461237282079301e-01 2.508498758118048455e-01 7.082792161297823963e-02 2.181100414560744882e-01 1.859338288866313471e-01 -1.726838932702662310e-01 1.472738751588842376e-01 -2.267939654798289961e-02 3.584834552867954827e-03 2.825006029562970866e-02 -1.622366476727621354e-01 2.489326797233532007e-01 1.987602342299207292e-01 7.718548915510503594e-02 2.874957747183628509e-01 -1.580983511599672875e-01 2.100421092924095179e-01 3.032032707866143539e-01 2.365448048698721717e-01
-3.148048822715069361e-01 -4.689192557063875944e-01 3.660230203071023203e-01 -4.947902753902496675e-01 3.933506383135154660e-01 -3.579271916127100273e-01 -1.884235927447697190e-01 9.816868788152988134e-02 -3.268480050173363516e-01 1.711082686255563923e-01 2.587636262737669224e-01 -3.980616749443610658e-02 2.579272698695308508e-01 4.110156606227349796e-01 1.436693956437815611e-01 3.022324877323129266e-01 2.537405278201378955e-01 -1.738037522862500017e-01 2.064831662378451282e-01 -3.804743067694106307e-01
-1.358747078030868582e-01 -1.075521846131911596e-01 -1.910009831733454622e-01 6.837536830986312708e-03 -4.383489401225638682e-01 -4.114506723039568215e-02 6.176417979771775535e-02 -4.069954667997573994e-01 -3.477740105818035721e-01 -1.826813816939721891e-01 1.089765995749714111e-01 -2.120080171210071418e-01 1.141215971120929096e-01 4.917036941443787557e-01 2.335089924148521234e-01 2.204375833229587078e-01 2.859382053258615608e-01 -4.419021819247427318e-01 -3.753348389051534006e-01 -2.518912862135876951e-01
-6.079577991943319049e-02 -2.264089851652966168e-01 4.261685711479431538e-01 3.299301595477647231e-01 -1.902816122590936798e-01 4.406306165930647945e-01 -3.531341264794198853e-01 3.160089515782462666e-01 1.163314037213407648e-01 -2.051411392633920583e-01 -4.600459356701621649e-01 4.165808599203546514e-02 3.053530800885255747e-01 -4.813753877610396081e-01 -3.193385235229281305e-01 4.389721538768089903e-01 -4.166200484819477801e-01 1.740070492245907596e-01 4.784810107272670088e-01 -1.158410379860519424e-02
-2.908646682614889345e-01 -3.542720835355487319e-01 2.657554729337476829e-01 -3.768716911470338937e-01 2.860005443314328488e-01 -4.628043575188267589e-01 2.416460829614195394e-01 -2.709118834449736335e-01 3.449074883415285120e-01 5.000636718027917649e-02 4.234949971439279093e-01 2.221085393946645725e-01 -2.728023564484804986e-02 1.614044773236852359e-01 2.210452616034190854e-01 3.505655259464800499e-01 -1.269368568415019105e-02 -2.596235527744199523e-01 -1.267974899651820309e-01 3.102130329272736464e-01
5.491484342563146548e-02 -5.454705860652520055e-02 2.502785343237284854e-01 -4.204258079711321594e-01 -1.306385676638791571e-01 4.975512023126305028e-02 -6.700605436671303039e-02 -2.417769728597203294e-01 1.921842995628307849e-01 -3.071102894924234716e-01 4.018213678884499096e-01 -3.972774661615529057e-01 -1.412157531734429261e-01 -4.085375772393370353e-01 -2.368119594799950045e-01 2.452138228753864002e-02 -2.609504814948168105e-01 -4.021760393415831913e-01 3.644136406415686702e-01 -1.252477473115041207e-01
3.436751726156515030e-01 4.968891703483055977e-01 2.529705734840068665e-01 3.698815355036773056e-01 -7.995056939240297034e-03 -1.332024515129874853e-01 3.078158076612754757e-01 4.820822526071648628e-01 -2.471669797465814167e-01 4.086010569725985198e-01 -1.200383273914160664e-01 1.769640351860746197e-01 1.491362684376489334e-01 2.192543565564796237e-01 1.461132835768680360e-01 -1.911856940972834762e-01 -4.631268039071578801e-01 -3.530117805383480301e-01 -2.726307019198348502e-01 2.970076517558425389e-01
